
xcspmd: idm,jdm = 1500 1100

 nrecl=     1650688
 nrecl=     1650688
 SSH  -3.534101      -3.534101    
 UB  9.7950529E-03  9.7950529E-03
 VB -1.9407505E-02 -1.9407505E-02
           1   28.10000    
           2   28.90000    
           3   29.70000    
           4   30.50000    
           5   30.95000    
           6   31.50000    
           7   32.05000    
           8   32.60000    
           9   33.15000    
          10   33.70000    
          11   34.25000    
          12   34.75000    
          13   35.15000    
          14   35.50000    
          15   35.80000    
          16   36.04000    
          17   36.20000    
          18   36.38000    
          19   36.52000    
          20   36.62000    
          21   36.70000    
          22   36.77000    
          23   36.83000    
          24   36.89000    
          25   36.97000    
          26   37.02000    
          27   37.06000    
          28   37.10000    
          29   37.17000    
          30   37.30000    
          31   37.42000    
          32   37.48000    
